#spline
prnt bottom
type bspline
ppos -3 0 0
-4.43194 1.127 0
-4.43649 1.12538 0
-4.44093 1.12369 0
-4.44527 1.12195 0
-4.4495 1.12014 0
-4.45363 1.11828 0
-4.45764 1.11635 0
-4.46155 1.11437 0
-4.46536 1.11232 0
-4.46906 1.11021 0
-4.47265 1.10804 0
-4.47614 1.10581 0
-4.47952 1.10352 0
-4.4828 1.10116 0
-4.48598 1.09874 0
-4.48905 1.09626 0
-4.49202 1.09372 0
-4.49489 1.09111 0
-4.49765 1.08844 0
-4.50031 1.0857 0
-4.50286 1.08291 0
-4.50532 1.08004 0
-4.50767 1.07712 0
-4.50992 1.07413 0
-4.51207 1.07107 0
-4.51412 1.06795 0
-4.51606 1.06477 0
-4.5179 1.06152 0
-4.51965 1.0582 0
-4.52129 1.05482 0
-4.52283 1.05138 0
-4.52427 1.04787 0
-4.5256 1.0443 0
-4.52684 1.04066 0
-4.52798 1.03695 0
-4.52901 1.03318 0
-4.52995 1.02935 0
-4.53078 1.02545 0
-4.53151 1.02148 0
-4.53215 1.01745 0
-4.53268 1.01335 0
-4.53311 1.00919 0
-4.53344 1.00496 0
-4.53367 1.00067 0
-4.53379 0.996312 0
-4.53382 0.991889 0
-4.53374 0.987402 0
-4.53357 0.982849 0
-4.53329 0.978232 0
-4.53291 0.97355 0
-4.53243 0.968804 0
-4.53185 0.963993 0
-4.53116 0.959118 0
-4.53037 0.954179 0
-4.52948 0.949177 0
-4.52849 0.94411 0
-4.52739 0.93898 0
-4.52619 0.933786 0
-4.52489 0.92853 0
-4.52349 0.92321 0
-4.52198 0.917828 0
-4.52036 0.912383 0
-4.51864 0.906876 0
-4.51682 0.901307 0
-4.51489 0.895676 0
-4.51286 0.889984 0
-4.51072 0.884231 0
-4.50847 0.878417 0
-4.50612 0.872542 0
-4.50366 0.866608 0
-4.50109 0.860613 0
-4.49842 0.854558 0
-4.49564 0.848445 0
-4.49275 0.842272 0
-4.48975 0.836041 0
-4.48664 0.829752 0
-4.48342 0.823405 0
-4.48009 0.817 0
-4.47665 0.810539 0
-4.47309 0.804021 0
-4.46943 0.797446 0
-4.46565 0.790816 0
-4.46176 0.784131 0
-4.45776 0.77739 0
-4.45364 0.770595 0
-4.44941 0.763746 0
-4.44507 0.756843 0
-4.4406 0.749887 0
-4.43602 0.742878 0
-4.43133 0.735817 0
-4.42651 0.728704 0
-4.42158 0.72154 0
-4.41653 0.714325 0
-4.41136 0.70706 0
-4.40607 0.699744 0
-4.40066 0.69238 0
-4.39513 0.684967 0
-4.38947 0.677505 0
-4.38369 0.669996 0
-4.37779 0.66244 0
-4.37176 0.654837 0
-4.36561 0.647187 0
-4.35933 0.639493 0
-4.35293 0.631753 0
-4.3464 0.623968 0
-4.33974 0.61614 0
-4.33295 0.608268 0
-4.32603 0.600353 0
-4.31898 0.592396 0
-4.3118 0.584398 0
-4.30449 0.576358 0
-4.29705 0.568278 0
-4.28947 0.560157 0
-4.28176 0.551998 0
-4.27391 0.543799 0
-4.26592 0.535562 0
-4.2578 0.527288 0
-4.24954 0.518977 0
-4.24114 0.510629 0
-4.2326 0.502245 0
-4.22393 0.493826 0
-4.21511 0.485373 0
-4.20614 0.476885 0
-4.19704 0.468364 0
-4.18779 0.45981 0
-4.1784 0.451224 0
-4.16886 0.442606 0
-4.15917 0.433957 0
-4.14934 0.425277 0
-4.13935 0.416568 0
-4.12922 0.40783 0
-4.11894 0.399063 0
-4.10851 0.390268 0
-4.09792 0.381445 0
-4.08719 0.372596 0
-4.07629 0.363721 0
-4.06525 0.35482 0
-4.05405 0.345894 0
-4.04269 0.336944 0
-4.03117 0.32797 0
-4.0195 0.318973 0
-4.00767 0.309953 0
-3.99567 0.300912 0
-3.98352 0.291849 0
-3.9712 0.282765 0
-3.95872 0.273662 0
-3.94608 0.264539 0
-3.93327 0.255397 0
-3.9203 0.246237 0
-3.90716 0.237059 0
-3.89386 0.227864 0
-3.88038 0.218653 0
-3.86674 0.209426 0
-3.85293 0.200184 0
-3.83894 0.190928 0
-3.82479 0.181657 0
-3.81046 0.172373 0
-3.79596 0.163076 0
-3.78129 0.153768 0
-3.76644 0.144447 0
-3.75142 0.135116 0
-3.73622 0.125775 0
-3.72084 0.116424 0
-3.70528 0.107064 0
-3.68955 0.0976962 0
-3.67363 0.0883203 0
-3.65754 0.0789373 0
-3.64127 0.0695478 0
-3.62481 0.0601526 0
-3.60817 0.0507522 0
-3.59135 0.0413473 0
-3.57434 0.0319385 0
-3.55715 0.0225265 0
-3.53978 0.013112 0
-3.52221 0.00369556 0
-3.50447 -0.00572207 0
-3.48653 -0.0151402 0
-3.46841 -0.0245583 0
-3.45009 -0.0339755 0
-3.43159 -0.0433912 0
-3.4129 -0.0528048 0
-3.39402 -0.0622154 0
-3.37495 -0.0716224 0
-3.35569 -0.0810251 0
-3.33623 -0.0904227 0
-3.31658 -0.0998145 0
-3.29674 -0.1092 0
-3.27671 -0.118578 0
-3.25648 -0.127948 0
-3.23605 -0.137309 0
-3.21544 -0.146661 0
-3.19462 -0.156002 0
-3.17361 -0.165333 0
-3.15241 -0.174651 0
-3.131 -0.183957 0
-3.1094 -0.193249 0
-3.08761 -0.202526 0
-3.06561 -0.211789 0
-3.04342 -0.221035 0
-3.02102 -0.230264 0
-2.99843 -0.239476 0
-2.97564 -0.248669 0
-2.95265 -0.257842 0
-2.92947 -0.266994 0
-2.90608 -0.276126 0
-2.88249 -0.285234 0
-2.8587 -0.29432 0
-2.83471 -0.303381 0
-2.81052 -0.312416 0
-2.78613 -0.321426 0
-2.76153 -0.330408 0
-2.73674 -0.339361 0
-2.71174 -0.348285 0
-2.68655 -0.357179 0
-2.66115 -0.366041 0
-2.63555 -0.374871 0
-2.60975 -0.383666 0
-2.58375 -0.392427 0
-2.55755 -0.401152 0
-2.53114 -0.40984 0
-2.50454 -0.418489 0
-2.47773 -0.427099 0
-2.45072 -0.435668 0
-2.42351 -0.444195 0
-2.3961 -0.452679 0
-2.36849 -0.461119 0
-2.34068 -0.469512 0
-2.31267 -0.477859 0
-2.28446 -0.486157 0
-2.25605 -0.494406 0
-2.22744 -0.502604 0
-2.19863 -0.510749 0
-2.16962 -0.518841 0
-2.14041 -0.526878 0
-2.11101 -0.534858 0
-2.0814 -0.54278 0
-2.0516 -0.550642 0
-2.0216 -0.558444 0
-1.99141 -0.566184 0
-1.96102 -0.573859 0
-1.93043 -0.581469 0
-1.89965 -0.589013 0
-1.86868 -0.596488 0
-1.83751 -0.603892 0
-1.80615 -0.611226 0
-1.77459 -0.618486 0
-1.74285 -0.625671 0
-1.71091 -0.63278 0
-1.67878 -0.639811 0
-1.64647 -0.646763 0
-1.61396 -0.653633 0
-1.58127 -0.660419 0
-1.54838 -0.667122 0
-1.51532 -0.673738 0
-1.48206 -0.680265 0
-1.44863 -0.686703 0
-1.41501 -0.693049 0
-1.3812 -0.699302 0
-1.34722 -0.70546 0
-1.31305 -0.711521 0
-1.27871 -0.717483 0
-1.24419 -0.723345 0
-1.20949 -0.729104 0
-1.17461 -0.73476 0
-1.13956 -0.740309 0
-1.10434 -0.745751 0
-1.06894 -0.751084 0
-1.03337 -0.756305 0
-0.997638 -0.761413 0
-0.961734 -0.766406 0
-0.925663 -0.771282 0
-0.889428 -0.77604 0
-0.853028 -0.780677 0
-0.816467 -0.785192 0
-0.779745 -0.789583 0
-0.742864 -0.793848 0
-0.705826 -0.797985 0
-0.668632 -0.801993 0
-0.631284 -0.805869 0
-0.593784 -0.809612 0
-0.556133 -0.81322 0
-0.518334 -0.816692 0
-0.480389 -0.820024 0
-0.442298 -0.823217 0
-0.404064 -0.826268 0
-0.36569 -0.829174 0
-0.327176 -0.831935 0
-0.288526 -0.834549 0
-0.24974 -0.837015 0
-0.210822 -0.839329 0
-0.171774 -0.841491 0
-0.132596 -0.8435 0
-0.0932932 -0.845353 0
-0.0538659 -0.847049 0
-0.0143169 -0.848586 0
0.0253514 -0.849963 0
0.0651368 -0.851179 0
0.105037 -0.852232 0
0.145049 -0.853119 0
0.185171 -0.853841 0
0.2254 -0.854396 0
0.265734 -0.854782 0
0.30617 -0.854998 0
0.346705 -0.855042 0
0.387338 -0.854914 0
0.428064 -0.854612 0
0.468883 -0.854135 0
0.50979 -0.853483 0
0.550784 -0.852653 0
0.591861 -0.851645 0
0.633019 -0.850458 0
0.674254 -0.84909 0
0.715564 -0.847542 0
0.756947 -0.845812 0
0.798399 -0.843899 0
0.839917 -0.841803 0
0.881499 -0.839523 0
0.923141 -0.837058 0
0.96484 -0.834408 0
1.00659 -0.831572 0
1.0484 -0.828549 0
1.09025 -0.82534 0
1.13215 -0.821944 0
1.17409 -0.81836 0
1.21608 -0.814588 0
1.25809 -0.810629 0
1.30014 -0.806481 0
1.34222 -0.802145 0
1.38433 -0.797621 0
1.42646 -0.792909 0
1.46862 -0.788008 0
1.51079 -0.78292 0
1.55297 -0.777644 0
1.59517 -0.772181 0
1.63737 -0.76653 0
1.67958 -0.760693 0
1.72179 -0.754669 0
1.764 -0.74846 0
1.80621 -0.742066 0
1.84841 -0.735487 0
1.8906 -0.728724 0
1.93277 -0.721778 0
1.97493 -0.714651 0
2.01707 -0.707341 0
2.05919 -0.699852 0
2.10128 -0.692182 0
2.14335 -0.684335 0
2.18538 -0.67631 0
2.22738 -0.668109 0
2.26934 -0.659734 0
2.31126 -0.651184 0
2.35314 -0.642463 0
2.39497 -0.63357 0
2.43676 -0.624508 0
2.47849 -0.615279 0
2.52017 -0.605882 0
2.56179 -0.596321 0
2.60335 -0.586597 0
2.64485 -0.576711 0
2.68628 -0.566665 0
2.72765 -0.556462 0
2.76894 -0.546102 0
2.81016 -0.535587 0
2.85131 -0.52492 0
2.89238 -0.514103 0
2.93337 -0.503137 0
2.97428 -0.492025 0
3.0151 -0.480767 0
3.05583 -0.469368 0
3.09647 -0.457828 0
3.13703 -0.44615 0
3.17748 -0.434335 0
3.21785 -0.422387 0
3.25811 -0.410307 0
3.29827 -0.398098 0
3.33833 -0.385762 0
3.37829 -0.3733 0
3.41813 -0.360717 0
3.45787 -0.348012 0
3.4975 -0.33519 0
3.53702 -0.322253 0
3.57642 -0.309202 0
3.61571 -0.296041 0
3.65488 -0.282771 0
3.69393 -0.269395 0
3.73286 -0.255916 0
3.77167 -0.242335 0
3.81035 -0.228656 0
3.84891 -0.214881 0
3.88734 -0.201012 0
3.92564 -0.187051 0
3.96381 -0.173002 0
4.00185 -0.158866 0
4.03976 -0.144646 0
4.07754 -0.130344 0
4.11518 -0.115964 0
4.15268 -0.101506 0
4.19005 -0.0869744 0
4.22728 -0.0723709 0
4.26437 -0.0576979 0
4.30132 -0.0429579 0
4.33812 -0.0281532 0
4.37479 -0.0132862 0
4.41131 0.0016406 0
4.44769 0.016625 0
4.48392 0.0316645 0
4.52 0.046757 0
4.55594 0.0618999 0
4.59173 0.0770911 0
4.62738 0.0923283 0
4.66287 0.107609 0
4.69822 0.122931 0
4.73341 0.138293 0
4.76845 0.153691 0
4.80335 0.169125 0
4.83809 0.184591 0
4.87267 0.200087 0
4.90711 0.215612 0
4.94139 0.231163 0
4.97552 0.246739 0
5.00949 0.262336 0
5.04331 0.277954 0
5.07697 0.29359 0
5.11048 0.309241 0
5.14383 0.324907 0
5.17702 0.340586 0
5.21006 0.356274 0
5.24294 0.371971 0
5.27567 0.387675 0
5.30824 0.403383 0
5.34065 0.419095 0
5.3729 0.434807 0
5.40499 0.450519 0
5.43693 0.466229 0
5.46871 0.481935 0
5.50033 0.497635 0
5.53179 0.513328 0
5.5631 0.529012 0
5.59424 0.544686 0
5.62523 0.560347 0
5.65606 0.575995 0
5.68673 0.591629 0
5.71724 0.607245 0
5.7476 0.622844 0
5.77779 0.638423 0
5.80782 0.653982 0
5.8377 0.669519 0
5.86742 0.685032 0
5.89698 0.700521 0
5.92638 0.715983 0
5.95562 0.731419 0
5.98471 0.746826 0
6.01363 0.762204 0
6.0424 0.777551 0
6.07101 0.792866 0
6.09946 0.808148 0
6.12775 0.823396 0
6.15589 0.838609 0
6.18386 0.853786 0
6.21168 0.868926 0
6.23934 0.884028 0
6.26685 0.899091 0
6.29419 0.914114 0
6.32138 0.929097 0
6.34841 0.944038 0
6.37529 0.958936 0
6.40201 0.973791 0
6.42857 0.988603 0
6.45497 1.00337 0
6.48122 1.01809 0
6.50731 1.03276 0
6.53325 1.04739 0
6.55903 1.06197 0
6.58465 1.07651 0
6.61012 1.09099 0
6.63543 1.10542 0
6.66059 1.11981 0
6.68559 1.13414 0
6.71043 1.14842 0
6.73512 1.16266 0
6.75966 1.17684 0
6.78404 1.19096 0
6.80827 1.20504 0
6.83234 1.21906 0
6.85626 1.23303 0
6.88002 1.24694 0
6.90363 1.2608 0
6.92709 1.27461 0
6.95039 1.28836 0
6.97354 1.30205 0
6.99654 1.31569 0
7.01938 1.32928 0
7.04207 1.34281 0
7.06461 1.35628 0
7.08699 1.36969 0
7.10923 1.38305 0
7.13131 1.39636 0
7.15323 1.4096 0
7.17501 1.42279 0
7.19663 1.43593 0
7.2181 1.449 0
7.23942 1.46202 0
7.26059 1.47498 0
7.28161 1.48789 0
7.30247 1.50074 0
7.32319 1.51353 0
7.34375 1.52626 0
7.36417 1.53894 0
7.38443 1.55156 0
7.40454 1.56412 0
7.4245 1.57662 0
7.44431 1.58907 0
7.46398 1.60146 0
7.48349 1.6138 0
7.50285 1.62607 0
7.52206 1.6383 0
7.54113 1.65046 0
7.56004 1.66257 0
7.5788 1.67462 0
7.59742 1.68662 0
7.61589 1.69856 0
7.63421 1.71044 0
7.65238 1.72227 0
7.6704 1.73405 0
7.68827 1.74577 0
7.706 1.75743 0
7.72357 1.76904 0
7.741 1.7806 0
7.75828 1.7921 0
7.77542 1.80355 0
7.79241 1.81494 0
7.80925 1.82628 0
7.82594 1.83757 0
7.84249 1.8488 0
7.85889 1.85998 0
7.87514 1.87111 0
7.89125 1.88219 0
7.90721 1.89321 0
7.92302 1.90419 0
7.93869 1.91511 0
7.95421 1.92598 0
7.96959 1.9368 0
7.98483 1.94757 0
7.99991 1.95829 0
8.01486 1.96896 0
8.02965 1.97958 0
8.04431 1.99015 0
8.05882 2.00067 0
8.07318 2.01114 0
8.0874 2.02157 0
8.10148 2.03194 0
8.11541 2.04227 0
8.1292 2.05255 0
8.14285 2.06278 0
8.15636 2.07297 0
8.16972 2.08311 0
8.18294 2.0932 0
8.19601 2.10325 0
8.20895 2.11325 0
8.22174 2.1232 0
8.23439 2.13311 0
8.2469 2.14298 0
8.25927 2.1528 0
8.27149 2.16257 0
8.28358 2.1723 0
8.29553 2.18199 0
8.30733 2.19163 0
8.31899 2.20123 0
8.33052 2.21079 0
8.3419 2.2203 0
8.35315 2.22977 0
8.36426 2.2392 0
8.37522 2.24858 0
8.38605 2.25793 0
8.39674 2.26723 0
8.40729 2.27649 0
8.4177 2.28571 0
8.42798 2.29488 0
8.43812 2.30402 0
8.44812 2.31311 0
8.45798 2.32217 0
8.46771 2.33118 0
8.4773 2.34016 0
8.48675 2.34909 0
8.49607 2.35798 0
8.50525 2.36684 0
8.51429 2.37565 0
8.5232 2.38443 0
8.53197 2.39316 0
8.54061 2.40186 0
8.54912 2.41051 0
8.55749 2.41913 0
8.56572 2.42771 0
8.57383 2.43625 0
8.58179 2.44475 0
8.58963 2.45322 0
8.59733 2.46164 0
8.6049 2.47003 0
8.61233 2.47838 0
8.61964 2.48669 0
8.62681 2.49496 0
8.63385 2.5032 0
8.64075 2.51139 0
8.64753 2.51955 0
8.65417 2.52767 0
8.66068 2.53576 0
8.66706 2.5438 0
8.67331 2.55181 0
8.67943 2.55978 0
8.68542 2.56771 0
8.69128 2.57561 0
8.69701 2.58346 0
8.70261 2.59128 0
8.70808 2.59907 0
8.71342 2.60681 0
8.71864 2.61452 0
8.72372 2.62219 0
8.72868 2.62982 0
8.7335 2.63741 0
8.7382 2.64497 0
8.74277 2.65249 0
8.74721 2.65997 0
8.75153 2.66741 0
8.75571 2.67482 0
8.75977 2.68218 0
8.76371 2.68951 0
8.76751 2.6968 0
8.77119 2.70406 0
8.77474 2.71127 0
8.77817 2.71845 0
8.78147 2.72558 0
8.78464 2.73268 0
8.78769 2.73974 0
8.79061 2.74677 0
8.7934 2.75375 0
8.79607 2.76069 0
8.79862 2.7676 0
8.80104 2.77447 0
8.80333 2.78129 0
8.8055 2.78808 0
8.80754 2.79483 0
8.80946 2.80154 0
8.81125 2.80821 0
8.81292 2.81484 0
8.81447 2.82143 0
8.81589 2.82797 0
8.81718 2.83448 0
8.81835 2.84095 0
8.8194 2.84738 0
8.82032 2.85377 0
8.82112 2.86011 0
8.82179 2.86642 0
8.82234 2.87268 0
8.82277 2.8789 0
8.82307 2.88508 0
8.82325 2.89122 0
8.82331 2.89731 0
8.82324 2.90337 0
8.82305 2.90938 0
8.82273 2.91534 0
8.82229 2.92127 0
8.82173 2.92715 0
8.82104 2.93299 0
8.82023 2.93879 0
8.81929 2.94454 0
8.81824 2.95024 0
8.81706 2.95591 0
8.81575 2.96153 0
8.81432 2.9671 0
8.81277 2.97263 0
8.8111 2.97811 0
8.8093 2.98355 0
8.80737 2.98894 0
8.80533 2.99429 0
8.80316 2.99959 0
8.80087 3.00484 0
8.79845 3.01005 0
8.79591 3.01521 0
8.79324 3.02032 0
8.79046 3.02538 0
8.78754 3.0304 0
8.78451 3.03537 0
8.78135 3.04029 0
8.77807 3.04516 0
8.77466 3.04998 0
8.77113 3.05475 0
8.76747 3.05948 0
8.7637 3.06415 0
8.75979 3.06877 0
8.75577 3.07334 0
8.75161 3.07786 0
8.74734 3.08233 0
8.74294 3.08675 0
8.73841 3.09111 0
8.73377 3.09542 0
8.72899 3.09968 0
8.72409 3.10389 0
8.71907 3.10804 0
8.71392 3.11214 0
8.70865 3.1162 0
8.70324 3.12021 0
8.6977 3.12417 0
8.69204 3.12807 0
8.68625 3.13192 0
8.68033 3.13572 0
8.67429 3.13945 0
8.66813 3.14312 0
8.66185 3.14673 0
8.65545 3.15026 0
8.64894 3.15373 0
8.6423 3.15713 0
8.63555 3.16046 0
8.62867 3.16373 0
8.62167 3.16693 0
8.61455 3.17008 0
8.6073 3.17316 0
8.59992 3.1762 0
8.59241 3.17919 0
8.58476 3.18212 0
8.57697 3.18501 0
8.56905 3.18785 0
8.561 3.19063 0
8.55281 3.19336 0
8.54449 3.19603 0
8.53604 3.19864 0
8.52747 3.20117 0
8.51878 3.20363 0
8.50996 3.20601 0
8.50104 3.20831 0
8.49199 3.21052 0
8.48283 3.21266 0
8.47356 3.21471 0
8.46417 3.21668 0
8.45466 3.21857 0
8.44503 3.2204 0
8.43527 3.22216 0
8.42537 3.22385 0
8.41535 3.22548 0
8.40519 3.22706 0
8.39489 3.22859 0
8.38444 3.23005 0
8.37387 3.23146 0
8.36315 3.23281 0
8.3523 3.23409 0
8.34131 3.2353 0
8.3302 3.23644 0
8.31896 3.23749 0
8.3076 3.23846 0
8.29612 3.23934 0
8.28453 3.24012 0
8.27282 3.24082 0
8.261 3.24142 0
8.24906 3.24193 0
8.23701 3.24234 0
8.22483 3.24268 0
8.21253 3.24293 0
8.20011 3.2431 0
8.18755 3.24319 0
8.17487 3.24322 0
8.16205 3.24317 0
8.14909 3.24305 0
8.13599 3.24287 0
8.12276 3.24261 0
8.10939 3.24227 0
8.09589 3.24186 0
8.08226 3.24137 0
8.0685 3.2408 0
8.05461 3.24014 0
8.0406 3.23938 0
8.02646 3.23853 0
8.01221 3.23758 0
7.99784 3.23654 0
7.98335 3.2354 0
7.96874 3.23416 0
7.95401 3.23283 0
7.93916 3.23139 0
7.92419 3.22987 0
7.90909 3.22826 0
7.89387 3.22655 0
7.87852 3.22476 0
7.86304 3.22288 0
7.84743 3.22092 0
7.83169 3.21887 0
7.81582 3.21673 0
7.79982 3.2145 0
7.78369 3.21219 0
7.76743 3.20978 0
7.75104 3.20729 0
7.73452 3.2047 0
7.71788 3.20201 0
7.70111 3.19923 0
7.68422 3.19634 0
7.66721 3.19336 0
7.65007 3.19028 0
7.63282 3.1871 0
7.61544 3.18382 0
7.59793 3.18043 0
7.58031 3.17695 0
7.56256 3.17337 0
7.54468 3.16969 0
7.52669 3.16591 0
7.50856 3.16204 0
7.49031 3.15807 0
7.47194 3.154 0
7.45344 3.14983 0
7.43481 3.14557 0
7.41605 3.14121 0
7.39717 3.13675 0
7.37816 3.13219 0
7.35903 3.12753 0
7.33977 3.12278 0
7.32039 3.11792 0
7.30088 3.11297 0
7.28124 3.10791 0
7.26148 3.10276 0
7.2416 3.0975 0
7.22159 3.09214 0
7.20146 3.08668 0
7.1812 3.08112 0
7.16082 3.07546 0
7.14032 3.0697 0
7.11969 3.06384 0
7.09893 3.05788 0
7.07805 3.05181 0
7.05705 3.04565 0
7.03592 3.03939 0
7.01466 3.03303 0
6.99328 3.02657 0
6.97178 3.02001 0
6.95015 3.01335 0
6.92839 3.00659 0
6.90651 2.99973 0
6.8845 2.99277 0
6.86237 2.98572 0
6.84011 2.97857 0
6.81772 2.97132 0
6.79521 2.96397 0
6.77258 2.95652 0
6.74982 2.94898 0
6.72693 2.94134 0
6.70391 2.9336 0
6.68078 2.92577 0
6.65751 2.91784 0
6.63412 2.90981 0
6.6106 2.90169 0
6.58696 2.89348 0
6.56319 2.88517 0
6.5393 2.87676 0
6.51528 2.86827 0
6.49113 2.85968 0
6.46685 2.85099 0
6.44245 2.84222 0
6.41792 2.83336 0
6.39327 2.8244 0
6.36849 2.81536 0
6.34358 2.80622 0
6.31854 2.797 0
6.29338 2.78769 0
6.26809 2.77829 0
6.24267 2.7688 0
6.21713 2.75923 0
6.19146 2.74957 0
6.16566 2.73983 0
6.13973 2.73 0
6.11367 2.72009 0
6.08749 2.7101 0
6.06118 2.70003 0
6.03474 2.68987 0
6.00817 2.67964 0
5.98148 2.66933 0
5.95466 2.65894 0
5.9277 2.64847 0
5.90063 2.63793 0
5.87342 2.62731 0
5.84608 2.61662 0
5.81862 2.60585 0
5.79102 2.59501 0
5.7633 2.5841 0
5.73545 2.57313 0
5.70747 2.56208 0
5.67937 2.55096 0
5.65113 2.53978 0
5.62277 2.52853 0
5.59427 2.51722 0
5.56565 2.50584 0
5.5369 2.49441 0
5.50802 2.48291 0
5.47902 2.47135 0
5.44988 2.45974 0
5.42062 2.44806 0
5.39122 2.43634 0
5.3617 2.42455 0
5.33205 2.41272 0
5.30228 2.40083 0
5.27237 2.3889 0
5.24234 2.37691 0
5.21218 2.36488 0
5.18189 2.3528 0
5.15147 2.34068 0
5.12093 2.32851 0
5.09025 2.31631 0
5.05945 2.30406 0
5.02853 2.29177 0
4.99748 2.27945 0
4.9663 2.2671 0
4.93499 2.25471 0
4.90356 2.24228 0
4.872 2.22983 0
4.84032 2.21735 0
4.80851 2.20484 0
4.77658 2.19231 0
4.74452 2.17976 0
4.71234 2.16718 0
4.68003 2.15458 0
4.6476 2.14196 0
4.61505 2.12933 0
4.58238 2.11668 0
4.54958 2.10402 0
4.51666 2.09135 0
4.48362 2.07867 0
4.45046 2.06598 0
4.41718 2.05329 0
4.38378 2.04059 0
4.35026 2.02789 0
4.31662 2.01519 0
4.28287 2.00249 0
4.24899 1.98979 0
4.215 1.97711 0
4.1809 1.96442 0
4.14668 1.95175 0
4.11234 1.93909 0
4.0779 1.92644 0
4.04333 1.91381 0
4.00866 1.9012 0
3.97388 1.8886 0
3.93898 1.87603 0
3.90398 1.86348 0
3.86887 1.85095 0
3.83365 1.83845 0
3.79833 1.82598 0
3.7629 1.81354 0
3.72736 1.80113 0
3.69172 1.78876 0
3.65598 1.77643 0
3.62014 1.76413 0
3.5842 1.75187 0
3.54816 1.73966 0
3.51202 1.72749 0
3.47579 1.71537 0
3.43946 1.7033 0
3.40304 1.69127 0
3.36653 1.6793 0
3.32992 1.66738 0
3.29323 1.65552 0
3.25644 1.64372 0
3.21958 1.63198 0
3.18262 1.6203 0
3.14558 1.60868 0
3.10847 1.59712 0
3.07127 1.58564 0
3.03399 1.57422 0
2.99663 1.56288 0
2.9592 1.5516 0
2.9217 1.5404 0
2.88412 1.52928 0
2.84647 1.51823 0
2.80876 1.50726 0
2.77098 1.49638 0
2.73313 1.48557 0
2.69522 1.47485 0
2.65725 1.46422 0
2.61922 1.45367 0
2.58113 1.44321 0
2.54299 1.43284 0
2.50479 1.42256 0
2.46654 1.41238 0
2.42825 1.40229 0
2.3899 1.39229 0
2.35151 1.38239 0
2.31308 1.37259 0
2.27461 1.36289 0
2.2361 1.35329 0
2.19755 1.3438 0
2.15897 1.3344 0
2.12035 1.32511 0
2.08171 1.31593 0
2.04303 1.30685 0
2.00434 1.29788 0
1.96561 1.28901 0
1.92687 1.28026 0
1.88811 1.27161 0
1.84933 1.26308 0
1.81054 1.25466 0
1.77174 1.24635 0
1.73293 1.23815 0
1.69411 1.23007 0
1.65528 1.2221 0
1.61646 1.21425 0
1.57763 1.20651 0
1.53881 1.19889 0
1.49999 1.19138 0
1.46117 1.18399 0
1.42237 1.17672 0
1.38358 1.16957 0
1.3448 1.16253 0
1.30604 1.15562 0
1.2673 1.14882 0
1.22858 1.14214 0
1.18989 1.13558 0
1.15122 1.12913 0
1.11258 1.12281 0
1.07397 1.11661 0
1.03539 1.11052 0
0.996851 1.10456 0
0.958348 1.09871 0
0.919886 1.09298 0
0.881467 1.08737 0
0.843093 1.08188 0
0.804766 1.0765 0
0.766488 1.07125 0
0.728263 1.06611 0
0.690092 1.06108 0
0.651978 1.05618 0
0.613922 1.05139 0
0.575928 1.04672 0
0.537997 1.04216 0
0.500131 1.03771 0
0.462333 1.03338 0
0.424605 1.02917 0
0.386949 1.02507 0
0.349367 1.02107 0
0.311861 1.01719 0
0.274434 1.01343 0
0.237087 1.00977 0
0.199823 1.00622 0
0.162644 1.00278 0
0.125551 0.999445 0
0.0885469 0.996219 0
0.0516334 0.993099 0
0.0148125 0.990085 0
-0.0219139 0.987174 0
-0.0585438 0.984367 0
-0.0950752 0.981662 0
-0.131506 0.979058 0
-0.167836 0.976555 0
-0.204061 0.974151 0
-0.24018 0.971845 0
-0.276192 0.969637 0
-0.312095 0.967524 0
-0.347886 0.965507 0
-0.383565 0.963584 0
-0.41913 0.961754 0
-0.454578 0.960016 0
-0.489909 0.958369 0
-0.52512 0.956811 0
-0.560211 0.955341 0
-0.595179 0.953959 0
-0.630023 0.952663 0
-0.664741 0.951452 0
-0.699332 0.950325 0
-0.733795 0.94928 0
-0.768128 0.948316 0
-0.80233 0.947433 0
-0.836399 0.946629 0
-0.870334 0.945902 0
-0.904133 0.945252 0
-0.937796 0.944677 0
-0.971321 0.944177 0
-1.00471 0.943749 0
-1.03795 0.943393 0
-1.07105 0.943107 0
-1.10401 0.942891 0
-1.13683 0.942743 0
-1.1695 0.942661 0
-1.20203 0.942645 0
-1.2344 0.942694 0
-1.26663 0.942805 0
-1.29871 0.942979 0
-1.33064 0.943213 0
-1.36242 0.943507 0
-1.39404 0.943859 0
-1.42551 0.944268 0
-1.45683 0.944733 0
-1.48799 0.945253 0
-1.51899 0.945827 0
-1.54984 0.946453 0
-1.58053 0.94713 0
-1.61106 0.947858 0
-1.64143 0.948634 0
-1.67164 0.949458 0
-1.70169 0.950329 0
-1.73158 0.951246 0
-1.7613 0.952207 0
-1.79087 0.953211 0
-1.82027 0.954258 0
-1.8495 0.955346 0
-1.87857 0.956474 0
-1.90747 0.957641 0
-1.93621 0.958846 0
-1.96478 0.960087 0
-1.99318 0.961365 0
-2.02141 0.962678 0
-2.04948 0.964024 0
-2.07738 0.965403 0
-2.1051 0.966814 0
-2.13266 0.968256 0
-2.16005 0.969727 0
-2.18727 0.971228 0
-2.21431 0.972756 0
-2.24118 0.974311 0
-2.26789 0.975892 0
-2.29442 0.977499 0
-2.32078 0.979129 0
-2.34696 0.980783 0
-2.37297 0.982459 0
-2.39881 0.984156 0
-2.42448 0.985874 0
-2.44997 0.987612 0
-2.47529 0.989369 0
-2.50043 0.991144 0
-2.5254 0.992936 0
-2.5502 0.994744 0
-2.57482 0.996568 0
-2.59926 0.998406 0
-2.62353 1.00026 0
-2.64763 1.00212 0
-2.67155 1.004 0
-2.6953 1.00589 0
-2.71887 1.00779 0
-2.74227 1.0097 0
-2.76549 1.01162 0
-2.78854 1.01355 0
-2.81141 1.01549 0
-2.83411 1.01743 0
-2.85663 1.01938 0
-2.87898 1.02134 0
-2.90115 1.0233 0
-2.92315 1.02527 0
-2.94497 1.02723 0
-2.96662 1.02921 0
-2.98809 1.03118 0
-3.0094 1.03316 0
-3.03052 1.03514 0
-3.05148 1.03711 0
-3.07226 1.03909 0
-3.09287 1.04107 0
-3.1133 1.04305 0
-3.13356 1.04502 0
-3.15365 1.04699 0
-3.17357 1.04896 0
-3.19332 1.05092 0
-3.21289 1.05288 0
-3.23229 1.05484 0
-3.25153 1.05679 0
-3.27059 1.05873 0
-3.28948 1.06067 0
-3.3082 1.06259 0
-3.32675 1.06452 0
-3.34514 1.06643 0
-3.36335 1.06833 0
-3.3814 1.07023 0
-3.39928 1.07211 0
-3.41699 1.07398 0
-3.43454 1.07585 0
-3.45191 1.0777 0
-3.46913 1.07953 0
-3.48617 1.08136 0
-3.50306 1.08317 0
-3.51978 1.08497 0
-3.53633 1.08675 0
-3.55272 1.08852 0
-3.56895 1.09027 0
-3.58502 1.09201 0
-3.60092 1.09373 0
-3.61666 1.09543 0
-3.63225 1.09712 0
-3.64767 1.09878 0
-3.66293 1.10043 0
-3.67804 1.10206 0
-3.69298 1.10367 0
-3.70777 1.10526 0
-3.72241 1.10683 0
-3.73688 1.10837 0
-3.7512 1.1099 0
-3.76537 1.1114 0
-3.77938 1.11288 0
-3.79324 1.11434 0
-3.80694 1.11577 0
-3.82049 1.11717 0
-3.83389 1.11856 0
-3.84714 1.11991 0
-3.86024 1.12124 0
-3.87319 1.12255 0
-3.88599 1.12382 0
-3.89864 1.12507 0
-3.91114 1.12629 0
-3.9235 1.12748 0
-3.93571 1.12865 0
-3.94778 1.12978 0
-3.9597 1.13088 0
-3.97148 1.13195 0
-3.98311 1.13299 0
-3.9946 1.134 0
-4.00595 1.13497 0
-4.01716 1.13591 0
-4.02822 1.13682 0
-4.03915 1.1377 0
-4.04994 1.13853 0
-4.06059 1.13934 0
-4.0711 1.14011 0
-4.08148 1.14084 0
-4.09172 1.14153 0
-4.10182 1.14219 0
-4.11179 1.14281 0
-4.12162 1.14339 0
-4.13133 1.14393 0
-4.14089 1.14444 0
-4.15033 1.1449 0
-4.15964 1.14532 0
-4.16881 1.1457 0
-4.17786 1.14604 0
-4.18677 1.14634 0
-4.19556 1.14659 0
-4.20422 1.14681 0
-4.21275 1.14697 0
-4.22116 1.1471 0
-4.22944 1.14718 0
-4.23759 1.14721 0
-4.24562 1.1472 0
-4.25353 1.14714 0
-4.26132 1.14703 0
-4.26898 1.14688 0
-4.27652 1.14668 0
-4.28393 1.14643 0
-4.29123 1.14614 0
-4.29841 1.14579 0
-4.30547 1.14539 0
-4.31241 1.14495 0
-4.31923 1.14445 0
-4.32593 1.1439 0
-4.33252 1.1433 0
-4.33899 1.14265 0
-4.34534 1.14195 0
-4.35158 1.14119 0
-4.3577 1.14038 0
-4.36371 1.13952 0
-4.36961 1.1386 0
-4.37539 1.13763 0
-4.38106 1.1366 0
-4.38662 1.13552 0
-4.39207 1.13438 0
-4.3974 1.13318 0
-4.40263 1.13193 0
-4.40774 1.13062 0
-4.41275 1.12926 0
-4.41764 1.12783 0
-4.42243 1.12635 0
